4.640000000000000000e+02 3.870000000000000000e+02 1.010000000000000000e+02
4.380000000000000000e+02 1.180000000000000000e+02 1.460000000000000000e+02
4.220000000000000000e+02 3.700000000000000000e+01 1.480000000000000000e+02
3.000000000000000000e+02 1.000000000000000000e+02 7.300000000000000000e+01
2.530000000000000000e+02 4.360000000000000000e+02 7.900000000000000000e+01
1.520000000000000000e+02 2.050000000000000000e+02 1.420000000000000000e+02
1.500000000000000000e+02 2.630000000000000000e+02 3.000000000000000000e+01
1.400000000000000000e+02 7.400000000000000000e+01 1.310000000000000000e+02
1.270000000000000000e+02 1.750000000000000000e+02 1.400000000000000000e+02
9.700000000000000000e+01 1.670000000000000000e+02 3.300000000000000000e+01
6.000000000000000000e+01 3.850000000000000000e+02 6.700000000000000000e+01
5.200000000000000000e+01 3.500000000000000000e+02 1.600000000000000000e+01
2.600000000000000000e+01 4.850000000000000000e+02 1.600000000000000000e+01
